$ANSIBLE_VAULT;1.1;AES256
63313937653833633866313733316531313936323836383836623334326338303734393333346232
6363306561646537363736313665326534356131356337300a653662636635656139316362633361
63383564616538353031333639303439316266383930316234326563626538386362666535626137
3138336663666366380a623933383664326139306332346561613666646636656336343065666365
37653835663933613462386438323866653132376261393830653537313734646239376634363737
36343161386633306464636534383439636530393836653139313561616263363166373132636463
63393362373865633234346235383665636334623865653235643038313634343137636362363432
32376666663765383339653639343035343931323661353431316134333130343434343830623234
64303038333962366263373635636166343366343335363133333964393161633738336664666137
62376637393832343166353963666234393364346232376539373031626434336266623262363937
38303261343039363230333136633639373466323835623837616162316361623930383230616461
37313037656362363964323465613839363065396633373064383365613761303336623165336334
30303235363962386438383362356364353837666339633164366563316531356330626561376435
33323039616439333862646236633832313630396430303434633737313032383535353765303036
38353764646561393162376537336636613966666264363030613536366135663766653566393331
35663332326433346665623039316332666133643334366137343462373439373832666362646434
34333964336661333333316364623762323733643938333336636132663665303336333835386163
37383166366365633135383563613635343832636339646437656236313635306137353233643164
36616531313963353539666434653334646661366365636564363934626261646461353738323134
63373734303437346232623337343934303239363665633033653965356631666638313631653566
38633430356163613234623965376531616262343131623339663037326564396439303536666164
65663761643033663661653764363634636262336665363566656365633036316464666239656133
35373335666231643331663631356637663634323062326334383863363031646539383636353163
37373964353230633932343863363339356237353965656561623330333264653434316663393264
62376363336136666262383933313334616433633362343734303764346431343335633762353561
34366363666662343964626336383337646432336531376533313664623630343031653937326363
66626230656138326238386461313432363833326231393266343164306231313632383739613062
65333136663666343631353633636564653563646231366339363066616631663233623361666339
65313039393636643731646334633665376638333963323937323866306136333537663237393035
36383238656437346465636431393033333061393065613431386637333164306639636164643234
37326231373633316564653063636664613861313462383961613536306132646235643861636464
62656566653861373831376333383065353164376362323738336230613338626164353361303630
66316666353636666130663433643761306530393239303661393762393039386130666334616339
39343238343136346230633966343265353933363066623966313732323139383630363662323838
34646435373637313063626334666239663662643435613266353131316439343366363334643362
35643737373430343537383730323061373065393634633933633630363934306638356431363038
34616335613430306533616262306462613539653261323931616636386632653733353465643131
37383562333465383562333433623034313039366239326432346566393961346261656365323566
63376436383065333035653861633663353431643837313966663235663961326332383966303532
63653635616564333731363463376636366665386339383736613434663635613538653437626330
34326331303734663562653033643961633761316334323435386137636230333563663936633235
64646564383334616239336431376237393961303037626462663365616266333361613335323339
61313131643266353638323464323464656163383437313965366332656164306539363966663636
61353163346563663864386135373130643333643762393135393461636531363937363165383561
36336164353864313564373132623265613430663366656132386236326433393565616565353831
39633534353235373538363664303737386631663430303331316566336563653962393262623235
32613633613532386437343130343333633333316338623861653761663437653864363531333862
36626533373862653433336564356630643163646633613639376265353037656633616634386133
61303535386332333965666166383035373364643863333030333038633630386439623834306539
65363936393663306164396636383636633331346433656164336565616362366662333338323437
63353633313738366161613533393265396434643266646431313538383961656132316432343061
65363836386339383139333833323163326564643333336439643963633830346365303662633536
38396530393137646136663133663030363666326163346134313131616565396261663835653531
34343430386432653066393139393832323966306462656535616439356236313666666331383737
31343533613834316564386239373632626533386364643165376334316330343463653039303461
64626334656434336535353731333666356163636133663436636132373136313137373737353133
66383362343731626664653765353865623364623265313635353231373761373534653036336538
34633561373562353634373961306561353133333833616463376662313737313363363066353738
32636462333439376232626333323036353632663338393762363466613334666331343061323032
35353534663733613539313434393832616534633761373036336461376338356535636261353332
61343538376630393833303666376666383761373761623034353266356261333363383834316566
61323835636137363063323332356439663065663430326661633935656361616439333733616365
39376164393133356363663035616537363266663063323437626330336532623966616532306436
36353034383838343662646235623663313332383235323538646364666462616464663366366232
62666631353265303131396533656431623337386662346331343232316463313362333235306137
65636363303532313361623531353336613932323535666661303431333561353461343461646165
39643433366338396532336533346633653339343662393630396461656632366565616136366465
36393931633236376132323732313538396235313462373932393431393466353331306132623561
66663661353166613465303937623966373062313232656231336239306131343061663362623737
61303534366331653738386336323539633666336463663233386239363339633063616530336261
34383939616666356561383737663534616565313865373562323266393361326337323265353865
38626566386664363032613132306336303865393031616164313033653634306435316466343333
63626665396262343762356665393334333738613933356264393465653665366364313939623030
31373434396666393062393231663337636438373234393665363739663834666131373763383338
37613662343931613733386163383465336261383965633738306439623436663536373865633938
39343030376462333036656564663666323133393031646662633965386664356635626434326339
30613263616336333735316265343732613932636131353133333539653636376436623835636165
63336634333232643435333733636539323330363535616261306338626432326235326431373533
30373234623131336365353235363964653730643438323030363334633366353036346332623335
36323361373336386565663538393339313463353661343164616563616661623232636663346461
39643162343364626461386130393937643666316132633134613938303437353833306430396539
61363361376137653833386135636666623861346465643462383735633439363032336134336237
35313463353066626261613665353564313964366666616531316566613533316361346436333036
39356434353130383439356537626234353961306331633531376163383637653333646131373936
33343937616138643162333433653563643133656432356230613465303634353262303130333639
32396334363638306539643336313936323335653636363663663334376639303161636636666337
35336632383562613834366237393965663439643535363232323964306337316362656332366639
37616539353461643839623462306366323563616637326138616337386662333036363864336362
66656631336431383862346435303465343830663531306234623462616539373038306335666666
37646436336164623033663561336531353033653035363665623335616262316535623139626263
30396339386461656533656431356363643830336533623764623537353232623164343665643664
66663861363932623465366563386332353439396465646335306333316439613437336338383661
39366231666339343362633631393136663931616532323032646635643130313665613162656539
34633138663239626362633738313739323338343166666630376433343231336266636436646531
34613361343535623637363737366137336663653462646231666462363164386331356564353164
30353966346233333062383730343331626663373735356434623039373364336364383632633265
64646239393333633238353138326430383233383034623438363836306233646134643066653337
39356466323036316366613261316266313761353935333138303838373835643735636166653339
39373437656436346339363136623436323161666664663433613365666562366139366434366463
38396433383639323464326233306365613938366663323766373766363363333035396637346139
31306333336662396433616232313831393465386136643936653062353030393066373062633632
36643933376130623233313832353538353639373864656462396134313137383764356362373330
39323765333765373436346530643435633563386662336435323261396335336461633233623930
30376631353235313039343238313065633866376464643263363761313431363837326466636436
33656663363133326466643665343963303964326335303837393438613737386339646438303933
34383933363939323766353532363736346336633935346432363738306134656533363731643734
31376438656332323639383261653236323835373134616164616236653464393665653837666434
36303561653731343930346334623935323364356461316564373563636262333439373566373238
66313433356366383463623563363033323436613334376266386365353231666233636433353265
31616363666234326563336533376434643437303065306561663130343462363238383831323066
66396639313765653132326230356339393337343932633361623234613634656639373561383635
62306432656433613234333566616533613464623330633537363038613234613631373537643637
61353462353363656663313539393439323733666362663338663833643935623437303366373033
34663564316365356334333033336566383833396238663137396562333832326339336462643933
32663566653638366261653139323737646236313063383862343731333035653632316139306366
37633435643562383133383261383032646266653231643764656466316335363765653737613439
63353234306561663766346431306565383761386531663362626234353764326166343463306132
34383234613437616234663266313732316430326231393164316366616336643837313234653963
66663865393663333036333631616436366634316232386262333430326535396266393830363130
31333332663064326231646433383862633837303861313966333630363233316631356539636261
61623039323736623538633438613961353362613537363537376631633265663338616135333939
32626566623933383930623736663763633433303964383865343436636431323732393239303164
64333365633062376666373433376135626534366466656264393466653233623335393037393962
61346538393939313439643733343565623332346562383562356664396563646464306330303934
39653037343065366538373738303133366336623064343735363265663864363961623035383135
62663730323139626464646638333632356439666432613738636439333563396332303634316630
38323836626139373130666461393538346231356664306134643534346334326530306135636361
32386265313031326637386663316237333065313932333031373731353633343535333334663738
65356639623730663538663433376434666465643964666134643633363033313233643765316331
31333536646538303532666135643963303061383436666135613561363530376262396330323361
63393031316562623262633031623930643936656334343166616137653330306231343035653833
30646565636235383666383938313436363565343838393532316533633232353862373035373866
39346666363131353763623262316438386136396431303930656632396233306664643937643930
37393431306135663139646535636432326261633061666539323761313033366439326530373331
363437363536323663353165333633313539
